,antecedents,consequents,antecedent support,consequent support,support,confidence,lift,leverage,conviction
372,"frozenset({'A Zampa', 'AT Carey'})",frozenset({'won'}),0.25961538461538464,0.5576923076923077,0.15384615384615385,0.5925925925925926,1.0625798212005109,0.009060650887573962,1.0856643356643356
476,"frozenset({'GJ Maxwell', 'A Zampa'})",frozenset({'won'}),0.28846153846153844,0.5576923076923077,0.17307692307692307,0.6000000000000001,1.0758620689655174,0.012204142011834312,1.105769230769231
539,"frozenset({'A Zampa', 'MA Starc'})",frozenset({'won'}),0.2980769230769231,0.5576923076923077,0.17307692307692307,0.5806451612903226,1.0411568409343717,0.006841715976331347,1.054733727810651
649,"frozenset({'PSP Handscomb', 'A Zampa'})",frozenset({'won'}),0.15384615384615385,0.5576923076923077,0.10576923076923077,0.6875,1.232758620689655,0.019970414201183423,1.4153846153846152
679,"frozenset({'UT Khawaja', 'A Zampa'})",frozenset({'won'}),0.25,0.5576923076923077,0.18269230769230768,0.7307692307692307,1.3103448275862069,0.043269230769230754,1.6428571428571426
812,"frozenset({'AJ Finch', 'DA Warner'})",frozenset({'won'}),0.5384615384615384,0.5576923076923077,0.3076923076923077,0.5714285714285715,1.0246305418719213,0.00739644970414205,1.0320512820512822
849,"frozenset({'GJ Bailey', 'AJ Finch'})",frozenset({'won'}),0.27884615384615385,0.5576923076923077,0.18269230769230768,0.6551724137931034,1.1747919143876338,0.027181952662721887,1.2826923076923076
889,"frozenset({'AJ Finch', 'GJ Maxwell'})",frozenset({'won'}),0.5480769230769231,0.5576923076923077,0.34615384615384615,0.631578947368421,1.132486388384755,0.040495562130177465,1.2005494505494503
922,"frozenset({'AJ Finch', 'JP Faulkner'})",frozenset({'won'}),0.25961538461538464,0.5576923076923077,0.20192307692307693,0.7777777777777777,1.3946360153256703,0.057137573964497035,1.9903846153846145
940,"frozenset({'JR Hazlewood', 'AJ Finch'})",frozenset({'won'}),0.3076923076923077,0.5576923076923077,0.19230769230769232,0.625,1.1206896551724137,0.020710059171597628,1.1794871794871795
966,"frozenset({'AJ Finch', 'MA Starc'})",frozenset({'won'}),0.5096153846153846,0.5576923076923077,0.3269230769230769,0.6415094339622642,1.1502927781392325,0.04271449704142011,1.2338056680161946
1036,"frozenset({'AJ Finch', 'MS Wade'})",frozenset({'won'}),0.28846153846153844,0.5576923076923077,0.16346153846153846,0.5666666666666668,1.0160919540229887,0.0025887573964497035,1.0207100591715978
1068,"frozenset({'AJ Finch', 'NM Lyon'})",frozenset({'won'}),0.20192307692307693,0.5576923076923077,0.11538461538461539,0.5714285714285714,1.024630541871921,0.0027736686390532617,1.032051282051282
1112,"frozenset({'AJ Finch', 'SPD Smith'})",frozenset({'won'}),0.5673076923076923,0.5576923076923077,0.3173076923076923,0.559322033898305,1.0029222676797194,0.0009245562130177354,1.003698224852071
1118,"frozenset({'UT Khawaja', 'AJ Finch'})",frozenset({'won'}),0.28846153846153844,0.5576923076923077,0.21153846153846154,0.7333333333333334,1.3149425287356322,0.050665680473372776,1.6586538461538465
1190,"frozenset({'GJ Maxwell', 'AT Carey'})",frozenset({'won'}),0.2692307692307692,0.5576923076923077,0.17307692307692307,0.6428571428571429,1.1527093596059115,0.022928994082840243,1.2384615384615385
1310,"frozenset({'SE Marsh', 'AT Carey'})",frozenset({'won'}),0.16346153846153846,0.5576923076923077,0.10576923076923077,0.6470588235294118,1.1602434077079107,0.014607988165680472,1.2532051282051282
1315,"frozenset({'UT Khawaja', 'AT Carey'})",frozenset({'won'}),0.21153846153846154,0.5576923076923077,0.15384615384615385,0.7272727272727273,1.3040752351097178,0.03587278106508876,1.6217948717948718
1384,"frozenset({'GJ Bailey', 'DA Warner'})",frozenset({'won'}),0.2692307692307692,0.5576923076923077,0.18269230769230768,0.6785714285714286,1.2167487684729064,0.03254437869822485,1.376068376068376
1429,"frozenset({'GJ Maxwell', 'DA Warner'})",frozenset({'won'}),0.41346153846153844,0.5576923076923077,0.27884615384615385,0.6744186046511629,1.2093023255813955,0.04826183431952663,1.3585164835164838
1466,"frozenset({'DA Warner', 'JP Faulkner'})",frozenset({'won'}),0.25,0.5576923076923077,0.19230769230769232,0.7692307692307693,1.3793103448275863,0.05288461538461539,1.916666666666667
1499,"frozenset({'JR Hazlewood', 'DA Warner'})",frozenset({'won'}),0.3173076923076923,0.5576923076923077,0.21153846153846154,0.6666666666666667,1.1954022988505748,0.03457840236686391,1.326923076923077
1550,"frozenset({'DA Warner', 'MA Starc'})",frozenset({'won'}),0.49038461538461536,0.5576923076923077,0.33653846153846156,0.6862745098039217,1.230561189993239,0.06305473372781067,1.4098557692307696
1615,"frozenset({'DA Warner', 'MS Wade'})",frozenset({'won'}),0.34615384615384615,0.5576923076923077,0.20192307692307693,0.5833333333333334,1.0459770114942528,0.008875739644970404,1.0615384615384615
1650,"frozenset({'PJ Cummins', 'DA Warner'})",frozenset({'won'}),0.40384615384615385,0.5576923076923077,0.2403846153846154,0.5952380952380952,1.0673234811165846,0.015162721893491132,1.092760180995475
1676,"frozenset({'DA Warner', 'SPD Smith'})",frozenset({'won'}),0.6346153846153846,0.5576923076923077,0.3557692307692308,0.5606060606060607,1.0052246603970743,0.0018491124260355263,1.0066312997347482
1686,"frozenset({'UT Khawaja', 'DA Warner'})",frozenset({'won'}),0.19230769230769232,0.5576923076923077,0.14423076923076922,0.7499999999999999,1.3448275862068964,0.03698224852071004,1.7692307692307683
1702,"frozenset({'GJ Bailey', 'GJ Maxwell'})",frozenset({'won'}),0.18269230769230768,0.5576923076923077,0.14423076923076922,0.7894736842105263,1.4156079854809438,0.042344674556213005,2.1009615384615383
1730,"frozenset({'GJ Bailey', 'JP Faulkner'})",frozenset({'won'}),0.18269230769230768,0.5576923076923077,0.14423076923076922,0.7894736842105263,1.4156079854809438,0.042344674556213005,2.1009615384615383
1753,"frozenset({'JR Hazlewood', 'GJ Bailey'})",frozenset({'won'}),0.14423076923076922,0.5576923076923077,0.11538461538461539,0.8000000000000002,1.4344827586206899,0.03494822485207101,2.211538461538463
1788,"frozenset({'GJ Bailey', 'MA Starc'})",frozenset({'won'}),0.19230769230769232,0.5576923076923077,0.17307692307692307,0.8999999999999999,1.6137931034482758,0.0658284023668639,4.423076923076919
1809,"frozenset({'GJ Bailey', 'MR Marsh'})",frozenset({'won'}),0.2692307692307692,0.5576923076923077,0.16346153846153846,0.6071428571428572,1.0886699507389164,0.013313609467455634,1.125874125874126
1837,"frozenset({'GJ Bailey', 'MS Wade'})",frozenset({'won'}),0.3076923076923077,0.5576923076923077,0.19230769230769232,0.625,1.1206896551724137,0.020710059171597628,1.1794871794871795
1859,"frozenset({'GJ Bailey', 'SPD Smith'})",frozenset({'won'}),0.3173076923076923,0.5576923076923077,0.20192307692307693,0.6363636363636365,1.1410658307210033,0.0249630177514793,1.2163461538461542
1886,"frozenset({'GJ Maxwell', 'JP Faulkner'})",frozenset({'won'}),0.21153846153846154,0.5576923076923077,0.16346153846153846,0.7727272727272727,1.3855799373040751,0.04548816568047337,1.946153846153846
1914,"frozenset({'JR Hazlewood', 'GJ Maxwell'})",frozenset({'won'}),0.2692307692307692,0.5576923076923077,0.16346153846153846,0.6071428571428572,1.0886699507389164,0.013313609467455634,1.125874125874126
1944,"frozenset({'GJ Maxwell', 'MA Starc'})",frozenset({'won'}),0.41346153846153844,0.5576923076923077,0.28846153846153844,0.6976744186046512,1.2510024057738574,0.05787721893491121,1.46301775147929
2005,"frozenset({'GJ Maxwell', 'MR Marsh'})",frozenset({'won'}),0.25,0.5576923076923077,0.16346153846153846,0.6538461538461539,1.1724137931034482,0.024038461538461536,1.2777777777777777
2016,"frozenset({'GJ Maxwell', 'MS Wade'})",frozenset({'won'}),0.2403846153846154,0.5576923076923077,0.15384615384615385,0.64,1.1475862068965517,0.019785502958579892,1.2286324786324787
2036,"frozenset({'GJ Maxwell', 'NM Coulter-Nile'})",frozenset({'won'}),0.18269230769230768,0.5576923076923077,0.10576923076923077,0.5789473684210527,1.0381125226860255,0.0038831360946745552,1.0504807692307692
2054,"frozenset({'GJ Maxwell', 'NM Lyon'})",frozenset({'won'}),0.16346153846153846,0.5576923076923077,0.11538461538461539,0.7058823529411765,1.2657200811359026,0.024223372781065095,1.503846153846154
2080,"frozenset({'GJ Maxwell', 'PJ Cummins'})",frozenset({'won'}),0.40384615384615385,0.5576923076923077,0.23076923076923078,0.5714285714285714,1.024630541871921,0.005547337278106523,1.032051282051282
2098,"frozenset({'GJ Maxwell', 'PSP Handscomb'})",frozenset({'won'}),0.18269230769230768,0.5576923076923077,0.10576923076923077,0.5789473684210527,1.0381125226860255,0.0038831360946745552,1.0504807692307692
2110,"frozenset({'GJ Maxwell', 'SE Marsh'})",frozenset({'won'}),0.22115384615384615,0.5576923076923077,0.125,0.5652173913043479,1.0134932533733134,0.0016642011834319542,1.0173076923076925
2126,"frozenset({'GJ Maxwell', 'SPD Smith'})",frozenset({'won'}),0.46153846153846156,0.5576923076923077,0.3173076923076923,0.6874999999999999,1.232758620689655,0.05991124260355024,1.4153846153846148
2135,"frozenset({'UT Khawaja', 'GJ Maxwell'})",frozenset({'won'}),0.28846153846153844,0.5576923076923077,0.20192307692307693,0.7000000000000001,1.2551724137931035,0.04105029585798817,1.4743589743589747
2159,"frozenset({'JR Hazlewood', 'JP Faulkner'})",frozenset({'won'}),0.18269230769230768,0.5576923076923077,0.1346153846153846,0.7368421052631579,1.321234119782214,0.032729289940828396,1.6807692307692303
2182,"frozenset({'JP Faulkner', 'MA Starc'})",frozenset({'won'}),0.22115384615384615,0.5576923076923077,0.18269230769230768,0.8260869565217391,1.4812593703148424,0.059356508875739636,2.543269230769231
2212,"frozenset({'MS Wade', 'JP Faulkner'})",frozenset({'won'}),0.21153846153846154,0.5576923076923077,0.14423076923076922,0.6818181818181818,1.2225705329153604,0.026257396449704123,1.3901098901098898
2224,"frozenset({'JP Faulkner', 'SPD Smith'})",frozenset({'won'}),0.2692307692307692,0.5576923076923077,0.20192307692307693,0.75,1.3448275862068966,0.0517751479289941,1.7692307692307692
2259,"frozenset({'JR Hazlewood', 'MA Starc'})",frozenset({'won'}),0.3076923076923077,0.5576923076923077,0.20192307692307693,0.65625,1.1767241379310345,0.030325443786982237,1.2867132867132867
2281,"frozenset({'JR Hazlewood', 'MR Marsh'})",frozenset({'won'}),0.25,0.5576923076923077,0.15384615384615385,0.6153846153846154,1.103448275862069,0.014423076923076927,1.1500000000000001
2305,"frozenset({'JR Hazlewood', 'MS Wade'})",frozenset({'won'}),0.19230769230769232,0.5576923076923077,0.1346153846153846,0.7,1.2551724137931033,0.02736686390532543,1.474358974358974
2323,"frozenset({'JR Hazlewood', 'SPD Smith'})",frozenset({'won'}),0.3076923076923077,0.5576923076923077,0.20192307692307693,0.65625,1.1767241379310345,0.030325443786982237,1.2867132867132867
2370,"frozenset({'MR Marsh', 'MA Starc'})",frozenset({'won'}),0.2692307692307692,0.5576923076923077,0.17307692307692307,0.6428571428571429,1.1527093596059115,0.022928994082840243,1.2384615384615385
2386,"frozenset({'MS Wade', 'MA Starc'})",frozenset({'won'}),0.21153846153846154,0.5576923076923077,0.17307692307692307,0.8181818181818181,1.4670846394984325,0.05510355029585798,2.4326923076923066
2410,"frozenset({'PJ Cummins', 'MA Starc'})",frozenset({'won'}),0.41346153846153844,0.5576923076923077,0.2403846153846154,0.5813953488372093,1.0425020048115476,0.009800295857988167,1.0566239316239316
2428,"frozenset({'SPD Smith', 'MA Starc'})",frozenset({'won'}),0.4807692307692308,0.5576923076923077,0.3269230769230769,0.6799999999999999,1.2193103448275862,0.058801775147929,1.382211538461538
2434,"frozenset({'UT Khawaja', 'MA Starc'})",frozenset({'won'}),0.16346153846153846,0.5576923076923077,0.1346153846153846,0.8235294117647058,1.4766734279918863,0.04345414201183431,2.506410256410256
2516,"frozenset({'MP Stoinis', 'UT Khawaja'})",frozenset({'won'}),0.18269230769230768,0.5576923076923077,0.125,0.6842105263157895,1.2268602540834845,0.023113905325443787,1.4006410256410258
2544,"frozenset({'MS Wade', 'MR Marsh'})",frozenset({'won'}),0.28846153846153844,0.5576923076923077,0.16346153846153846,0.5666666666666668,1.0160919540229887,0.0025887573964497035,1.0207100591715978
2550,"frozenset({'PJ Cummins', 'MR Marsh'})",frozenset({'won'}),0.20192307692307693,0.5576923076923077,0.11538461538461539,0.5714285714285714,1.024630541871921,0.0027736686390532617,1.032051282051282
2574,"frozenset({'PJ Cummins', 'MS Wade'})",frozenset({'won'}),0.18269230769230768,0.5576923076923077,0.11538461538461539,0.6315789473684211,1.1324863883847551,0.013498520710059178,1.2005494505494507
2598,"frozenset({'MS Wade', 'SPD Smith'})",frozenset({'won'}),0.3942307692307692,0.5576923076923077,0.22115384615384615,0.5609756097560975,1.0058873002523128,0.0012943786982248517,1.0074786324786322
2619,"frozenset({'UT Khawaja', 'NM Lyon'})",frozenset({'won'}),0.14423076923076922,0.5576923076923077,0.10576923076923077,0.7333333333333334,1.3149425287356322,0.025332840236686388,1.6586538461538465
2634,"frozenset({'PJ Cummins', 'SPD Smith'})",frozenset({'won'}),0.41346153846153844,0.5576923076923077,0.2403846153846154,0.5813953488372093,1.0425020048115476,0.009800295857988167,1.0566239316239316
2642,"frozenset({'UT Khawaja', 'PJ Cummins'})",frozenset({'won'}),0.16346153846153846,0.5576923076923077,0.11538461538461539,0.7058823529411765,1.2657200811359026,0.024223372781065095,1.503846153846154
2654,"frozenset({'UT Khawaja', 'PSP Handscomb'})",frozenset({'won'}),0.14423076923076922,0.5576923076923077,0.10576923076923077,0.7333333333333334,1.3149425287356322,0.025332840236686388,1.6586538461538465
2664,"frozenset({'UT Khawaja', 'SPD Smith'})",frozenset({'won'}),0.20192307692307693,0.5576923076923077,0.14423076923076922,0.7142857142857142,1.2807881773399012,0.03161982248520709,1.5480769230769225
2795,"frozenset({'AJ Finch', 'A Zampa', 'AT Carey'})",frozenset({'won'}),0.25961538461538464,0.5576923076923077,0.15384615384615385,0.5925925925925926,1.0625798212005109,0.009060650887573962,1.0856643356643356
3012,"frozenset({'AJ Finch', 'A Zampa', 'GJ Maxwell'})",frozenset({'won'}),0.23076923076923078,0.5576923076923077,0.14423076923076922,0.6249999999999999,1.1206896551724135,0.015532544378698193,1.179487179487179
3114,"frozenset({'AJ Finch', 'A Zampa', 'MA Starc'})",frozenset({'won'}),0.2692307692307692,0.5576923076923077,0.15384615384615385,0.5714285714285715,1.0246305418719213,0.003698224852071025,1.0320512820512822
3194,"frozenset({'MP Stoinis', 'AJ Finch', 'A Zampa'})",frozenset({'won'}),0.23076923076923078,0.5576923076923077,0.1346153846153846,0.5833333333333333,1.0459770114942528,0.005917159763313584,1.0615384615384613
3342,"frozenset({'UT Khawaja', 'AJ Finch', 'A Zampa'})",frozenset({'won'}),0.21153846153846154,0.5576923076923077,0.15384615384615385,0.7272727272727273,1.3040752351097178,0.03587278106508876,1.6217948717948718
3433,"frozenset({'GJ Maxwell', 'A Zampa', 'AT Carey'})",frozenset({'won'}),0.18269230769230768,0.5576923076923077,0.125,0.6842105263157895,1.2268602540834845,0.023113905325443787,1.4006410256410258
3488,"frozenset({'MP Stoinis', 'A Zampa', 'AT Carey'})",frozenset({'won'}),0.18269230769230768,0.5576923076923077,0.125,0.6842105263157895,1.2268602540834845,0.023113905325443787,1.4006410256410258
3528,"frozenset({'UT Khawaja', 'A Zampa', 'AT Carey'})",frozenset({'won'}),0.14423076923076922,0.5576923076923077,0.10576923076923077,0.7333333333333334,1.3149425287356322,0.025332840236686388,1.6586538461538465
3664,"frozenset({'JR Hazlewood', 'DA Warner', 'A Zampa'})",frozenset({'won'}),0.20192307692307693,0.5576923076923077,0.11538461538461539,0.5714285714285714,1.024630541871921,0.0027736686390532617,1.032051282051282
3736,"frozenset({'DA Warner', 'A Zampa', 'MA Starc'})",frozenset({'won'}),0.25961538461538464,0.5576923076923077,0.15384615384615385,0.5925925925925926,1.0625798212005109,0.009060650887573962,1.0856643356643356
4086,"frozenset({'MP Stoinis', 'GJ Maxwell', 'A Zampa'})",frozenset({'won'}),0.21153846153846154,0.5576923076923077,0.125,0.5909090909090909,1.0595611285266457,0.0070266272189349055,1.0811965811965811
4114,"frozenset({'GJ Maxwell', 'PJ Cummins', 'A Zampa'})",frozenset({'won'}),0.18269230769230768,0.5576923076923077,0.10576923076923077,0.5789473684210527,1.0381125226860255,0.0038831360946745552,1.0504807692307692
4136,"frozenset({'UT Khawaja', 'GJ Maxwell', 'A Zampa'})",frozenset({'won'}),0.19230769230769232,0.5576923076923077,0.1346153846153846,0.7,1.2551724137931033,0.02736686390532543,1.474358974358974
4190,"frozenset({'JR Hazlewood', 'A Zampa', 'MA Starc'})",frozenset({'won'}),0.19230769230769232,0.5576923076923077,0.11538461538461539,0.6,1.0758620689655172,0.008136094674556213,1.1057692307692306
4537,"frozenset({'AJ Finch', 'GJ Maxwell', 'AT Carey'})",frozenset({'won'}),0.2692307692307692,0.5576923076923077,0.17307692307692307,0.6428571428571429,1.1527093596059115,0.022928994082840243,1.2384615384615385
4839,"frozenset({'AJ Finch', 'SE Marsh', 'AT Carey'})",frozenset({'won'}),0.16346153846153846,0.5576923076923077,0.10576923076923077,0.6470588235294118,1.1602434077079107,0.014607988165680472,1.2532051282051282
4850,"frozenset({'UT Khawaja', 'AJ Finch', 'AT Carey'})",frozenset({'won'}),0.21153846153846154,0.5576923076923077,0.15384615384615385,0.7272727272727273,1.3040752351097178,0.03587278106508876,1.6217948717948718
4968,"frozenset({'GJ Bailey', 'AJ Finch', 'DA Warner'})",frozenset({'won'}),0.20192307692307693,0.5576923076923077,0.1346153846153846,0.6666666666666666,1.1954022988505746,0.02200443786982248,1.3269230769230766
5008,"frozenset({'AJ Finch', 'DA Warner', 'GJ Maxwell'})",frozenset({'won'}),0.27884615384615385,0.5576923076923077,0.20192307692307693,0.7241379310344828,1.2984542211652794,0.04641272189349113,1.6033653846153846
5061,"frozenset({'AJ Finch', 'DA Warner', 'JP Faulkner'})",frozenset({'won'}),0.19230769230769232,0.5576923076923077,0.16346153846153846,0.85,1.5241379310344827,0.056213017751479286,2.948717948717948
5106,"frozenset({'JR Hazlewood', 'AJ Finch', 'DA Warner'})",frozenset({'won'}),0.23076923076923078,0.5576923076923077,0.16346153846153846,0.7083333333333333,1.2701149425287355,0.03476331360946744,1.516483516483516
5180,"frozenset({'AJ Finch', 'DA Warner', 'MA Starc'})",frozenset({'won'}),0.41346153846153844,0.5576923076923077,0.27884615384615385,0.6744186046511629,1.2093023255813955,0.04826183431952663,1.3585164835164838
5320,"frozenset({'UT Khawaja', 'AJ Finch', 'DA Warner'})",frozenset({'won'}),0.1346153846153846,0.5576923076923077,0.10576923076923077,0.7857142857142857,1.4088669950738915,0.030695266272189353,2.064102564102564
5330,"frozenset({'GJ Bailey', 'AJ Finch', 'GJ Maxwell'})",frozenset({'won'}),0.125,0.5576923076923077,0.10576923076923077,0.8461538461538461,1.5172413793103448,0.036057692307692304,2.8749999999999996
5379,"frozenset({'GJ Bailey', 'AJ Finch', 'JP Faulkner'})",frozenset({'won'}),0.17307692307692307,0.5576923076923077,0.14423076923076922,0.8333333333333333,1.4942528735632181,0.047707100591715956,2.6538461538461524
5402,"frozenset({'JR Hazlewood', 'AJ Finch', 'GJ Bailey'})",frozenset({'won'}),0.11538461538461539,0.5576923076923077,0.10576923076923077,0.9166666666666666,1.64367816091954,0.041420118343195256,5.307692307692305
5444,"frozenset({'GJ Bailey', 'AJ Finch', 'MA Starc'})",frozenset({'won'}),0.16346153846153846,0.5576923076923077,0.14423076923076922,0.8823529411764705,1.582150101419878,0.05306952662721892,3.75961538461538
5479,"frozenset({'GJ Bailey', 'AJ Finch', 'MR Marsh'})",frozenset({'won'}),0.20192307692307693,0.5576923076923077,0.11538461538461539,0.5714285714285714,1.024630541871921,0.0027736686390532617,1.032051282051282
5514,"frozenset({'GJ Bailey', 'AJ Finch', 'MS Wade'})",frozenset({'won'}),0.2403846153846154,0.5576923076923077,0.14423076923076922,0.6,1.0758620689655172,0.010170118343195256,1.1057692307692306
5541,"frozenset({'GJ Bailey', 'AJ Finch', 'SPD Smith'})",frozenset({'won'}),0.25,0.5576923076923077,0.15384615384615385,0.6153846153846154,1.103448275862069,0.014423076923076927,1.1500000000000001
5569,"frozenset({'AJ Finch', 'JP Faulkner', 'GJ Maxwell'})",frozenset({'won'}),0.15384615384615385,0.5576923076923077,0.1346153846153846,0.8749999999999999,1.568965517241379,0.048816568047337264,3.538461538461535
5596,"frozenset({'JR Hazlewood', 'AJ Finch', 'GJ Maxwell'})",frozenset({'won'}),0.19230769230769232,0.5576923076923077,0.125,0.6499999999999999,1.1655172413793102,0.017751479289940822,1.2637362637362635
5640,"frozenset({'AJ Finch', 'GJ Maxwell', 'MA Starc'})",frozenset({'won'}),0.33653846153846156,0.5576923076923077,0.23076923076923078,0.6857142857142857,1.2295566502463053,0.043084319526627224,1.4073426573426573
5759,"frozenset({'AJ Finch', 'GJ Maxwell', 'MR Marsh'})",frozenset({'won'}),0.16346153846153846,0.5576923076923077,0.11538461538461539,0.7058823529411765,1.2657200811359026,0.024223372781065095,1.503846153846154
5811,"frozenset({'AJ Finch', 'GJ Maxwell', 'NM Lyon'})",frozenset({'won'}),0.16346153846153846,0.5576923076923077,0.11538461538461539,0.7058823529411765,1.2657200811359026,0.024223372781065095,1.503846153846154
5893,"frozenset({'AJ Finch', 'GJ Maxwell', 'SE Marsh'})",frozenset({'won'}),0.21153846153846154,0.5576923076923077,0.125,0.5909090909090909,1.0595611285266457,0.0070266272189349055,1.0811965811965811
5911,"frozenset({'AJ Finch', 'GJ Maxwell', 'SPD Smith'})",frozenset({'won'}),0.3269230769230769,0.5576923076923077,0.2403846153846154,0.7352941176470589,1.3184584178498986,0.0580621301775148,1.6709401709401712
5920,"frozenset({'UT Khawaja', 'AJ Finch', 'GJ Maxwell'})",frozenset({'won'}),0.2403846153846154,0.5576923076923077,0.17307692307692307,0.72,1.2910344827586206,0.03901627218934911,1.5796703296703294
5960,"frozenset({'JR Hazlewood', 'AJ Finch', 'JP Faulkner'})",frozenset({'won'}),0.14423076923076922,0.5576923076923077,0.11538461538461539,0.8000000000000002,1.4344827586206899,0.03494822485207101,2.211538461538463
5989,"frozenset({'AJ Finch', 'JP Faulkner', 'MA Starc'})",frozenset({'won'}),0.19230769230769232,0.5576923076923077,0.16346153846153846,0.85,1.5241379310344827,0.056213017751479286,2.948717948717948
6024,"frozenset({'AJ Finch', 'MS Wade', 'JP Faulkner'})",frozenset({'won'}),0.15384615384615385,0.5576923076923077,0.11538461538461539,0.75,1.3448275862068966,0.029585798816568046,1.7692307692307692
6037,"frozenset({'AJ Finch', 'JP Faulkner', 'SPD Smith'})",frozenset({'won'}),0.21153846153846154,0.5576923076923077,0.17307692307692307,0.8181818181818181,1.4670846394984325,0.05510355029585798,2.4326923076923066
6096,"frozenset({'JR Hazlewood', 'AJ Finch', 'MA Starc'})",frozenset({'won'}),0.2692307692307692,0.5576923076923077,0.18269230769230768,0.6785714285714286,1.2167487684729064,0.03254437869822485,1.376068376068376
6122,"frozenset({'JR Hazlewood', 'AJ Finch', 'MR Marsh'})",frozenset({'won'}),0.19230769230769232,0.5576923076923077,0.1346153846153846,0.7,1.2551724137931033,0.02736686390532543,1.474358974358974
6146,"frozenset({'JR Hazlewood', 'AJ Finch', 'SPD Smith'})",frozenset({'won'}),0.22115384615384615,0.5576923076923077,0.15384615384615385,0.6956521739130436,1.2473763118440782,0.03051035502958581,1.4532967032967037
6207,"frozenset({'AJ Finch', 'MR Marsh', 'MA Starc'})",frozenset({'won'}),0.21153846153846154,0.5576923076923077,0.1346153846153846,0.6363636363636364,1.141065830721003,0.016642011834319514,1.2163461538461537
6219,"frozenset({'AJ Finch', 'MS Wade', 'MA Starc'})",frozenset({'won'}),0.14423076923076922,0.5576923076923077,0.11538461538461539,0.8000000000000002,1.4344827586206899,0.03494822485207101,2.211538461538463
6278,"frozenset({'AJ Finch', 'SPD Smith', 'MA Starc'})",frozenset({'won'}),0.40384615384615385,0.5576923076923077,0.2692307692307692,0.6666666666666666,1.1954022988505746,0.04400887573964496,1.3269230769230766
6288,"frozenset({'UT Khawaja', 'AJ Finch', 'MA Starc'})",frozenset({'won'}),0.14423076923076922,0.5576923076923077,0.125,0.8666666666666667,1.554022988505747,0.04456360946745562,3.317307692307693
6454,"frozenset({'MP Stoinis', 'UT Khawaja', 'AJ Finch'})",frozenset({'won'}),0.18269230769230768,0.5576923076923077,0.125,0.6842105263157895,1.2268602540834845,0.023113905325443787,1.4006410256410258
6546,"frozenset({'UT Khawaja', 'AJ Finch', 'NM Lyon'})",frozenset({'won'}),0.14423076923076922,0.5576923076923077,0.10576923076923077,0.7333333333333334,1.3149425287356322,0.025332840236686388,1.6586538461538465
6592,"frozenset({'UT Khawaja', 'AJ Finch', 'SPD Smith'})",frozenset({'won'}),0.14423076923076922,0.5576923076923077,0.10576923076923077,0.7333333333333334,1.3149425287356322,0.025332840236686388,1.6586538461538465
6703,"frozenset({'PJ Cummins', 'DA Warner', 'AT Carey'})",frozenset({'won'}),0.18269230769230768,0.5576923076923077,0.10576923076923077,0.5789473684210527,1.0381125226860255,0.0038831360946745552,1.0504807692307692
6812,"frozenset({'MP Stoinis', 'GJ Maxwell', 'AT Carey'})",frozenset({'won'}),0.25,0.5576923076923077,0.15384615384615385,0.6153846153846154,1.103448275862069,0.014423076923076927,1.1500000000000001
6869,"frozenset({'GJ Maxwell', 'PJ Cummins', 'AT Carey'})",frozenset({'won'}),0.20192307692307693,0.5576923076923077,0.125,0.6190476190476191,1.110016420361248,0.01238905325443787,1.1610576923076923
6910,"frozenset({'UT Khawaja', 'GJ Maxwell', 'AT Carey'})",frozenset({'won'}),0.20192307692307693,0.5576923076923077,0.14423076923076922,0.7142857142857142,1.2807881773399012,0.03161982248520709,1.5480769230769225
7020,"frozenset({'MP Stoinis', 'PJ Cummins', 'AT Carey'})",frozenset({'won'}),0.18269230769230768,0.5576923076923077,0.10576923076923077,0.5789473684210527,1.0381125226860255,0.0038831360946745552,1.0504807692307692
7047,"frozenset({'MP Stoinis', 'UT Khawaja', 'AT Carey'})",frozenset({'won'}),0.18269230769230768,0.5576923076923077,0.125,0.6842105263157895,1.2268602540834845,0.023113905325443787,1.4006410256410258
7133,"frozenset({'GJ Bailey', 'DA Warner', 'JP Faulkner'})",frozenset({'won'}),0.14423076923076922,0.5576923076923077,0.11538461538461539,0.8000000000000002,1.4344827586206899,0.03494822485207101,2.211538461538463
7191,"frozenset({'GJ Bailey', 'DA Warner', 'MA Starc'})",frozenset({'won'}),0.15384615384615385,0.5576923076923077,0.14423076923076922,0.9374999999999999,1.6810344827586203,0.05843195266272187,7.076923076923064
7232,"frozenset({'GJ Bailey', 'DA Warner', 'MR Marsh'})",frozenset({'won'}),0.20192307692307693,0.5576923076923077,0.125,0.6190476190476191,1.110016420361248,0.01238905325443787,1.1610576923076923
7273,"frozenset({'GJ Bailey', 'DA Warner', 'MS Wade'})",frozenset({'won'}),0.23076923076923078,0.5576923076923077,0.14423076923076922,0.6249999999999999,1.1206896551724135,0.015532544378698193,1.179487179487179
7302,"frozenset({'GJ Bailey', 'DA Warner', 'SPD Smith'})",frozenset({'won'}),0.2403846153846154,0.5576923076923077,0.15384615384615385,0.64,1.1475862068965517,0.019785502958579892,1.2286324786324787
7342,"frozenset({'GJ Maxwell', 'DA Warner', 'JP Faulkner'})",frozenset({'won'}),0.15384615384615385,0.5576923076923077,0.125,0.8125,1.456896551724138,0.039201183431952655,2.358974358974359
7399,"frozenset({'JR Hazlewood', 'GJ Maxwell', 'DA Warner'})",frozenset({'won'}),0.20192307692307693,0.5576923076923077,0.1346153846153846,0.6666666666666666,1.1954022988505746,0.02200443786982248,1.3269230769230766
7483,"frozenset({'GJ Maxwell', 'DA Warner', 'MA Starc'})",frozenset({'won'}),0.3173076923076923,0.5576923076923077,0.2403846153846154,0.7575757575757577,1.3584117032392895,0.06342455621301776,1.8245192307692315
7528,"frozenset({'GJ Maxwell', 'DA Warner', 'MR Marsh'})",frozenset({'won'}),0.19230769230769232,0.5576923076923077,0.125,0.6499999999999999,1.1655172413793102,0.017751479289940822,1.2637362637362635
7558,"frozenset({'DA Warner', 'GJ Maxwell', 'MS Wade'})",frozenset({'won'}),0.17307692307692307,0.5576923076923077,0.10576923076923077,0.6111111111111112,1.095785440613027,0.009245562130177506,1.1373626373626375
7615,"frozenset({'GJ Maxwell', 'PJ Cummins', 'DA Warner'})",frozenset({'won'}),0.2692307692307692,0.5576923076923077,0.17307692307692307,0.6428571428571429,1.1527093596059115,0.022928994082840243,1.2384615384615385
7659,"frozenset({'GJ Maxwell', 'DA Warner', 'SPD Smith'})",frozenset({'won'}),0.38461538461538464,0.5576923076923077,0.25961538461538464,0.675,1.210344827586207,0.04511834319526628,1.3609467455621302
7669,"frozenset({'UT Khawaja', 'GJ Maxwell', 'DA Warner'})",frozenset({'won'}),0.15384615384615385,0.5576923076923077,0.10576923076923077,0.6875,1.232758620689655,0.019970414201183423,1.4153846153846152
7708,"frozenset({'JR Hazlewood', 'DA Warner', 'JP Faulkner'})",frozenset({'won'}),0.14423076923076922,0.5576923076923077,0.125,0.8666666666666667,1.554022988505747,0.04456360946745562,3.317307692307693
7751,"frozenset({'DA Warner', 'JP Faulkner', 'MA Starc'})",frozenset({'won'}),0.18269230769230768,0.5576923076923077,0.16346153846153846,0.8947368421052633,1.604355716878403,0.06157544378698225,4.201923076923081
7804,"frozenset({'DA Warner', 'MS Wade', 'JP Faulkner'})",frozenset({'won'}),0.17307692307692307,0.5576923076923077,0.11538461538461539,0.6666666666666667,1.1954022988505748,0.01886094674556213,1.326923076923077
7819,"frozenset({'DA Warner', 'SPD Smith', 'JP Faulkner'})",frozenset({'won'}),0.22115384615384615,0.5576923076923077,0.16346153846153846,0.7391304347826088,1.3253373313343328,0.04012573964497042,1.695512820512821
7886,"frozenset({'JR Hazlewood', 'DA Warner', 'MA Starc'})",frozenset({'won'}),0.2403846153846154,0.5576923076923077,0.17307692307692307,0.72,1.2910344827586206,0.03901627218934911,1.5796703296703294
7940,"frozenset({'JR Hazlewood', 'DA Warner', 'MR Marsh'})",frozenset({'won'}),0.22115384615384615,0.5576923076923077,0.1346153846153846,0.6086956521739131,1.0914542728635683,0.011279585798816563,1.1303418803418803
7967,"frozenset({'JR Hazlewood', 'DA Warner', 'MS Wade'})",frozenset({'won'}),0.16346153846153846,0.5576923076923077,0.11538461538461539,0.7058823529411765,1.2657200811359026,0.024223372781065095,1.503846153846154
7998,"frozenset({'JR Hazlewood', 'DA Warner', 'SPD Smith'})",frozenset({'won'}),0.27884615384615385,0.5576923076923077,0.18269230769230768,0.6551724137931034,1.1747919143876338,0.027181952662721887,1.2826923076923076
8056,"frozenset({'DA Warner', 'MR Marsh', 'MA Starc'})",frozenset({'won'}),0.23076923076923078,0.5576923076923077,0.14423076923076922,0.6249999999999999,1.1206896551724135,0.015532544378698193,1.179487179487179
8094,"frozenset({'DA Warner', 'MS Wade', 'MA Starc'})",frozenset({'won'}),0.17307692307692307,0.5576923076923077,0.14423076923076922,0.8333333333333333,1.4942528735632181,0.047707100591715956,2.6538461538461524
8147,"frozenset({'PJ Cummins', 'DA Warner', 'MA Starc'})",frozenset({'won'}),0.33653846153846156,0.5576923076923077,0.21153846153846154,0.6285714285714286,1.1270935960591133,0.023853550295857978,1.1908284023668638
8199,"frozenset({'DA Warner', 'SPD Smith', 'MA Starc'})",frozenset({'won'}),0.4326923076923077,0.5576923076923077,0.28846153846153844,0.6666666666666666,1.1954022988505746,0.04715236686390528,1.3269230769230766
8212,"frozenset({'UT Khawaja', 'DA Warner', 'MA Starc'})",frozenset({'won'}),0.14423076923076922,0.5576923076923077,0.11538461538461539,0.8000000000000002,1.4344827586206899,0.03494822485207101,2.211538461538463
8270,"frozenset({'DA Warner', 'MS Wade', 'MR Marsh'})",frozenset({'won'}),0.22115384615384615,0.5576923076923077,0.125,0.5652173913043479,1.0134932533733134,0.0016642011834319542,1.0173076923076925
8290,"frozenset({'PJ Cummins', 'DA Warner', 'MR Marsh'})",frozenset({'won'}),0.17307692307692307,0.5576923076923077,0.10576923076923077,0.6111111111111112,1.095785440613027,0.009245562130177506,1.1373626373626375
8361,"frozenset({'DA Warner', 'PJ Cummins', 'MS Wade'})",frozenset({'won'}),0.15384615384615385,0.5576923076923077,0.10576923076923077,0.6875,1.232758620689655,0.019970414201183423,1.4153846153846152
8493,"frozenset({'PJ Cummins', 'DA Warner', 'SPD Smith'})",frozenset({'won'}),0.375,0.5576923076923077,0.22115384615384615,0.5897435897435898,1.0574712643678161,0.012019230769230754,1.078125
8526,"frozenset({'UT Khawaja', 'DA Warner', 'SPD Smith'})",frozenset({'won'}),0.17307692307692307,0.5576923076923077,0.125,0.7222222222222222,1.2950191570881227,0.02847633136094674,1.5923076923076922
8568,"frozenset({'GJ Bailey', 'GJ Maxwell', 'MR Marsh'})",frozenset({'won'}),0.15384615384615385,0.5576923076923077,0.11538461538461539,0.75,1.3448275862068966,0.029585798816568046,1.7692307692307692
8594,"frozenset({'GJ Bailey', 'GJ Maxwell', 'MS Wade'})",frozenset({'won'}),0.14423076923076922,0.5576923076923077,0.10576923076923077,0.7333333333333334,1.3149425287356322,0.025332840236686388,1.6586538461538465
8604,"frozenset({'GJ Bailey', 'GJ Maxwell', 'SPD Smith'})",frozenset({'won'}),0.18269230769230768,0.5576923076923077,0.14423076923076922,0.7894736842105263,1.4156079854809438,0.042344674556213005,2.1009615384615383
8619,"frozenset({'GJ Bailey', 'JP Faulkner', 'MA Starc'})",frozenset({'won'}),0.11538461538461539,0.5576923076923077,0.10576923076923077,0.9166666666666666,1.64367816091954,0.041420118343195256,5.307692307692305
8661,"frozenset({'GJ Bailey', 'MS Wade', 'JP Faulkner'})",frozenset({'won'}),0.15384615384615385,0.5576923076923077,0.11538461538461539,0.75,1.3448275862068966,0.029585798816568046,1.7692307692307692
8674,"frozenset({'GJ Bailey', 'JP Faulkner', 'SPD Smith'})",frozenset({'won'}),0.15384615384615385,0.5576923076923077,0.11538461538461539,0.75,1.3448275862068966,0.029585798816568046,1.7692307692307692
8729,"frozenset({'JR Hazlewood', 'GJ Bailey', 'SPD Smith'})",frozenset({'won'}),0.1346153846153846,0.5576923076923077,0.10576923076923077,0.7857142857142857,1.4088669950738915,0.030695266272189353,2.064102564102564
8808,"frozenset({'GJ Bailey', 'MR Marsh', 'MA Starc'})",frozenset({'won'}),0.125,0.5576923076923077,0.11538461538461539,0.9230769230769231,1.6551724137931034,0.04567307692307693,5.7500000000000036
8832,"frozenset({'GJ Bailey', 'MS Wade', 'MA Starc'})",frozenset({'won'}),0.15384615384615385,0.5576923076923077,0.1346153846153846,0.8749999999999999,1.568965517241379,0.048816568047337264,3.538461538461535
8846,"frozenset({'GJ Bailey', 'SPD Smith', 'MA Starc'})",frozenset({'won'}),0.16346153846153846,0.5576923076923077,0.14423076923076922,0.8823529411764705,1.582150101419878,0.05306952662721892,3.75961538461538
8886,"frozenset({'GJ Bailey', 'MS Wade', 'MR Marsh'})",frozenset({'won'}),0.25,0.5576923076923077,0.14423076923076922,0.5769230769230769,1.0344827586206895,0.004807692307692291,1.0454545454545452
8912,"frozenset({'GJ Bailey', 'MR Marsh', 'SPD Smith'})",frozenset({'won'}),0.2692307692307692,0.5576923076923077,0.16346153846153846,0.6071428571428572,1.0886699507389164,0.013313609467455634,1.125874125874126
8966,"frozenset({'GJ Bailey', 'MS Wade', 'SPD Smith'})",frozenset({'won'}),0.27884615384615385,0.5576923076923077,0.16346153846153846,0.5862068965517241,1.051129607609988,0.007951183431952669,1.0689102564102562
9008,"frozenset({'GJ Maxwell', 'JP Faulkner', 'MA Starc'})",frozenset({'won'}),0.14423076923076922,0.5576923076923077,0.11538461538461539,0.8000000000000002,1.4344827586206899,0.03494822485207101,2.211538461538463
9033,"frozenset({'GJ Maxwell', 'JP Faulkner', 'SPD Smith'})",frozenset({'won'}),0.19230769230769232,0.5576923076923077,0.16346153846153846,0.85,1.5241379310344827,0.056213017751479286,2.948717948717948
9073,"frozenset({'JR Hazlewood', 'GJ Maxwell', 'MA Starc'})",frozenset({'won'}),0.21153846153846154,0.5576923076923077,0.1346153846153846,0.6363636363636364,1.141065830721003,0.016642011834319514,1.2163461538461537
9111,"frozenset({'JR Hazlewood', 'GJ Maxwell', 'SPD Smith'})",frozenset({'won'}),0.19230769230769232,0.5576923076923077,0.1346153846153846,0.7,1.2551724137931033,0.02736686390532543,1.474358974358974
9154,"frozenset({'GJ Maxwell', 'MR Marsh', 'MA Starc'})",frozenset({'won'}),0.17307692307692307,0.5576923076923077,0.125,0.7222222222222222,1.2950191570881227,0.02847633136094674,1.5923076923076922
9209,"frozenset({'GJ Maxwell', 'PJ Cummins', 'MA Starc'})",frozenset({'won'}),0.3076923076923077,0.5576923076923077,0.19230769230769232,0.625,1.1206896551724137,0.020710059171597628,1.1794871794871795
9249,"frozenset({'GJ Maxwell', 'SPD Smith', 'MA Starc'})",frozenset({'won'}),0.33653846153846156,0.5576923076923077,0.25961538461538464,0.7714285714285715,1.3832512315270935,0.07193047337278108,1.935096153846154
9261,"frozenset({'UT Khawaja', 'GJ Maxwell', 'MA Starc'})",frozenset({'won'}),0.1346153846153846,0.5576923076923077,0.10576923076923077,0.7857142857142857,1.4088669950738915,0.030695266272189353,2.064102564102564
9385,"frozenset({'MP Stoinis', 'UT Khawaja', 'GJ Maxwell'})",frozenset({'won'}),0.18269230769230768,0.5576923076923077,0.125,0.6842105263157895,1.2268602540834845,0.023113905325443787,1.4006410256410258
9413,"frozenset({'GJ Maxwell', 'MS Wade', 'MR Marsh'})",frozenset({'won'}),0.17307692307692307,0.5576923076923077,0.11538461538461539,0.6666666666666667,1.1954022988505748,0.01886094674556213,1.326923076923077
9423,"frozenset({'MR Marsh', 'GJ Maxwell', 'SPD Smith'})",frozenset({'won'}),0.22115384615384615,0.5576923076923077,0.14423076923076922,0.6521739130434783,1.169415292353823,0.020894970414201172,1.2716346153846154
9447,"frozenset({'GJ Maxwell', 'MS Wade', 'SPD Smith'})",frozenset({'won'}),0.2403846153846154,0.5576923076923077,0.15384615384615385,0.64,1.1475862068965517,0.019785502958579892,1.2286324786324787
9472,"frozenset({'UT Khawaja', 'GJ Maxwell', 'NM Lyon'})",frozenset({'won'}),0.14423076923076922,0.5576923076923077,0.10576923076923077,0.7333333333333334,1.3149425287356322,0.025332840236686388,1.6586538461538465
9499,"frozenset({'GJ Maxwell', 'PJ Cummins', 'SPD Smith'})",frozenset({'won'}),0.27884615384615385,0.5576923076923077,0.17307692307692307,0.6206896551724138,1.112960760998811,0.017566568047337278,1.166083916083916
9510,"frozenset({'UT Khawaja', 'GJ Maxwell', 'PJ Cummins'})",frozenset({'won'}),0.16346153846153846,0.5576923076923077,0.11538461538461539,0.7058823529411765,1.2657200811359026,0.024223372781065095,1.503846153846154
9523,"frozenset({'UT Khawaja', 'GJ Maxwell', 'SPD Smith'})",frozenset({'won'}),0.17307692307692307,0.5576923076923077,0.125,0.7222222222222222,1.2950191570881227,0.02847633136094674,1.5923076923076922
9550,"frozenset({'JR Hazlewood', 'JP Faulkner', 'MA Starc'})",frozenset({'won'}),0.14423076923076922,0.5576923076923077,0.11538461538461539,0.8000000000000002,1.4344827586206899,0.03494822485207101,2.211538461538463
9578,"frozenset({'JR Hazlewood', 'JP Faulkner', 'SPD Smith'})",frozenset({'won'}),0.15384615384615385,0.5576923076923077,0.125,0.8125,1.456896551724138,0.039201183431952655,2.358974358974359
9593,"frozenset({'JP Faulkner', 'SPD Smith', 'MA Starc'})",frozenset({'won'}),0.17307692307692307,0.5576923076923077,0.15384615384615385,0.888888888888889,1.5938697318007664,0.05732248520710059,3.9807692307692326
9635,"frozenset({'MS Wade', 'SPD Smith', 'JP Faulkner'})",frozenset({'won'}),0.18269230769230768,0.5576923076923077,0.11538461538461539,0.6315789473684211,1.1324863883847551,0.013498520710059178,1.2005494505494507
9662,"frozenset({'JR Hazlewood', 'MR Marsh', 'MA Starc'})",frozenset({'won'}),0.17307692307692307,0.5576923076923077,0.125,0.7222222222222222,1.2950191570881227,0.02847633136094674,1.5923076923076922
9688,"frozenset({'JR Hazlewood', 'MS Wade', 'MA Starc'})",frozenset({'won'}),0.125,0.5576923076923077,0.10576923076923077,0.8461538461538461,1.5172413793103448,0.036057692307692304,2.8749999999999996
9720,"frozenset({'JR Hazlewood', 'SPD Smith', 'MA Starc'})",frozenset({'won'}),0.22115384615384615,0.5576923076923077,0.16346153846153846,0.7391304347826088,1.3253373313343328,0.04012573964497042,1.695512820512821
9747,"frozenset({'JR Hazlewood', 'MR Marsh', 'SPD Smith'})",frozenset({'won'}),0.22115384615384615,0.5576923076923077,0.1346153846153846,0.6086956521739131,1.0914542728635683,0.011279585798816563,1.1303418803418803
9776,"frozenset({'JR Hazlewood', 'MS Wade', 'SPD Smith'})",frozenset({'won'}),0.18269230769230768,0.5576923076923077,0.125,0.6842105263157895,1.2268602540834845,0.023113905325443787,1.4006410256410258
9815,"frozenset({'MS Wade', 'MR Marsh', 'MA Starc'})",frozenset({'won'}),0.1346153846153846,0.5576923076923077,0.11538461538461539,0.8571428571428572,1.536945812807882,0.040310650887573976,3.0961538461538476
9840,"frozenset({'PJ Cummins', 'MR Marsh', 'MA Starc'})",frozenset({'won'}),0.18269230769230768,0.5576923076923077,0.10576923076923077,0.5789473684210527,1.0381125226860255,0.0038831360946745552,1.0504807692307692
9852,"frozenset({'SPD Smith', 'MR Marsh', 'MA Starc'})",frozenset({'won'}),0.2403846153846154,0.5576923076923077,0.15384615384615385,0.64,1.1475862068965517,0.019785502958579892,1.2286324786324787
9875,"frozenset({'MS Wade', 'SPD Smith', 'MA Starc'})",frozenset({'won'}),0.18269230769230768,0.5576923076923077,0.14423076923076922,0.7894736842105263,1.4156079854809438,0.042344674556213005,2.1009615384615383
9909,"frozenset({'PJ Cummins', 'SPD Smith', 'MA Starc'})",frozenset({'won'}),0.33653846153846156,0.5576923076923077,0.21153846153846154,0.6285714285714286,1.1270935960591133,0.023853550295857978,1.1908284023668638
9922,"frozenset({'UT Khawaja', 'SPD Smith', 'MA Starc'})",frozenset({'won'}),0.14423076923076922,0.5576923076923077,0.11538461538461539,0.8000000000000002,1.4344827586206899,0.03494822485207101,2.211538461538463
9970,"frozenset({'MR Marsh', 'MS Wade', 'SPD Smith'})",frozenset({'won'}),0.28846153846153844,0.5576923076923077,0.16346153846153846,0.5666666666666668,1.0160919540229887,0.0025887573964497035,1.0207100591715978
9998,"frozenset({'PJ Cummins', 'MS Wade', 'SPD Smith'})",frozenset({'won'}),0.18269230769230768,0.5576923076923077,0.11538461538461539,0.6315789473684211,1.1324863883847551,0.013498520710059178,1.2005494505494507
10192,"frozenset({'AJ Finch', 'A Zampa', 'GJ Maxwell', 'AT Carey'})",frozenset({'won'}),0.18269230769230768,0.5576923076923077,0.125,0.6842105263157895,1.2268602540834845,0.023113905325443787,1.4006410256410258
10311,"frozenset({'MP Stoinis', 'AJ Finch', 'A Zampa', 'AT Carey'})",frozenset({'won'}),0.18269230769230768,0.5576923076923077,0.125,0.6842105263157895,1.2268602540834845,0.023113905325443787,1.4006410256410258
10399,"frozenset({'UT Khawaja', 'AJ Finch', 'A Zampa', 'AT Carey'})",frozenset({'won'}),0.14423076923076922,0.5576923076923077,0.10576923076923077,0.7333333333333334,1.3149425287356322,0.025332840236686388,1.6586538461538465
10644,"frozenset({'AJ Finch', 'DA Warner', 'A Zampa', 'MA Starc'})",frozenset({'won'}),0.23076923076923078,0.5576923076923077,0.1346153846153846,0.5833333333333333,1.0459770114942528,0.005917159763313584,1.0615384615384613
11075,"frozenset({'MP Stoinis', 'AJ Finch', 'A Zampa', 'GJ Maxwell'})",frozenset({'won'}),0.19230769230769232,0.5576923076923077,0.125,0.6499999999999999,1.1655172413793102,0.017751479289940822,1.2637362637362635
11138,"frozenset({'UT Khawaja', 'AJ Finch', 'A Zampa', 'GJ Maxwell'})",frozenset({'won'}),0.16346153846153846,0.5576923076923077,0.11538461538461539,0.7058823529411765,1.2657200811359026,0.024223372781065095,1.503846153846154
11452,"frozenset({'MP Stoinis', 'GJ Maxwell', 'A Zampa', 'AT Carey'})",frozenset({'won'}),0.18269230769230768,0.5576923076923077,0.125,0.6842105263157895,1.2268602540834845,0.023113905325443787,1.4006410256410258
12089,"frozenset({'AJ Finch', 'PJ Cummins', 'DA Warner', 'AT Carey'})",frozenset({'won'}),0.18269230769230768,0.5576923076923077,0.10576923076923077,0.5789473684210527,1.0381125226860255,0.0038831360946745552,1.0504807692307692
12328,"frozenset({'MP Stoinis', 'AJ Finch', 'GJ Maxwell', 'AT Carey'})",frozenset({'won'}),0.25,0.5576923076923077,0.15384615384615385,0.6153846153846154,1.103448275862069,0.014423076923076927,1.1500000000000001
12448,"frozenset({'AJ Finch', 'PJ Cummins', 'GJ Maxwell', 'AT Carey'})",frozenset({'won'}),0.20192307692307693,0.5576923076923077,0.125,0.6190476190476191,1.110016420361248,0.01238905325443787,1.1610576923076923
12540,"frozenset({'UT Khawaja', 'AJ Finch', 'GJ Maxwell', 'AT Carey'})",frozenset({'won'}),0.20192307692307693,0.5576923076923077,0.14423076923076922,0.7142857142857142,1.2807881773399012,0.03161982248520709,1.5480769230769225
12775,"frozenset({'MP Stoinis', 'AJ Finch', 'PJ Cummins', 'AT Carey'})",frozenset({'won'}),0.18269230769230768,0.5576923076923077,0.10576923076923077,0.5789473684210527,1.0381125226860255,0.0038831360946745552,1.0504807692307692
12835,"frozenset({'MP Stoinis', 'UT Khawaja', 'AJ Finch', 'AT Carey'})",frozenset({'won'}),0.18269230769230768,0.5576923076923077,0.125,0.6842105263157895,1.2268602540834845,0.023113905325443787,1.4006410256410258
13012,"frozenset({'GJ Bailey', 'AJ Finch', 'JP Faulkner', 'DA Warner'})",frozenset({'won'}),0.1346153846153846,0.5576923076923077,0.11538461538461539,0.8571428571428572,1.536945812807882,0.040310650887573976,3.0961538461538476
13042,"frozenset({'GJ Bailey', 'AJ Finch', 'DA Warner', 'MA Starc'})",frozenset({'won'}),0.125,0.5576923076923077,0.11538461538461539,0.9230769230769231,1.6551724137931034,0.04567307692307693,5.7500000000000036
13168,"frozenset({'GJ Bailey', 'AJ Finch', 'DA Warner', 'SPD Smith'})",frozenset({'won'}),0.17307692307692307,0.5576923076923077,0.10576923076923077,0.6111111111111112,1.095785440613027,0.009245562130177506,1.1373626373626375
13262,"frozenset({'AJ Finch', 'DA Warner', 'GJ Maxwell', 'MA Starc'})",frozenset({'won'}),0.2403846153846154,0.5576923076923077,0.18269230769230768,0.7599999999999999,1.362758620689655,0.04863165680473372,1.8429487179487172
13324,"frozenset({'AJ Finch', 'PJ Cummins', 'DA Warner', 'GJ Maxwell'})",frozenset({'won'}),0.17307692307692307,0.5576923076923077,0.10576923076923077,0.6111111111111112,1.095785440613027,0.009245562130177506,1.1373626373626375
13353,"frozenset({'GJ Maxwell', 'AJ Finch', 'DA Warner', 'SPD Smith'})",frozenset({'won'}),0.25,0.5576923076923077,0.18269230769230768,0.7307692307692307,1.3103448275862069,0.043269230769230754,1.6428571428571426
13374,"frozenset({'JR Hazlewood', 'AJ Finch', 'DA Warner', 'JP Faulkner'})",frozenset({'won'}),0.10576923076923077,0.5576923076923077,0.10576923076923077,1.0,1.793103448275862,0.04678254437869822,inf
13432,"frozenset({'AJ Finch', 'JP Faulkner', 'DA Warner', 'MA Starc'})",frozenset({'won'}),0.15384615384615385,0.5576923076923077,0.14423076923076922,0.9374999999999999,1.6810344827586203,0.05843195266272187,7.076923076923064
13462,"frozenset({'AJ Finch', 'DA Warner', 'SPD Smith', 'JP Faulkner'})",frozenset({'won'}),0.16346153846153846,0.5576923076923077,0.1346153846153846,0.8235294117647058,1.4766734279918863,0.04345414201183431,2.506410256410256
13564,"frozenset({'JR Hazlewood', 'AJ Finch', 'DA Warner', 'MA Starc'})",frozenset({'won'}),0.20192307692307693,0.5576923076923077,0.15384615384615385,0.761904761904762,1.3661740558292284,0.041235207100591725,1.8576923076923082
13622,"frozenset({'JR Hazlewood', 'AJ Finch', 'DA Warner', 'MR Marsh'})",frozenset({'won'}),0.16346153846153846,0.5576923076923077,0.11538461538461539,0.7058823529411765,1.2657200811359026,0.024223372781065095,1.503846153846154
13652,"frozenset({'JR Hazlewood', 'AJ Finch', 'DA Warner', 'SPD Smith'})",frozenset({'won'}),0.19230769230769232,0.5576923076923077,0.1346153846153846,0.7,1.2551724137931033,0.02736686390532543,1.474358974358974
13770,"frozenset({'AJ Finch', 'DA Warner', 'MR Marsh', 'MA Starc'})",frozenset({'won'}),0.17307692307692307,0.5576923076923077,0.10576923076923077,0.6111111111111112,1.095785440613027,0.009245562130177506,1.1373626373626375
13844,"frozenset({'AJ Finch', 'PJ Cummins', 'DA Warner', 'MA Starc'})",frozenset({'won'}),0.2692307692307692,0.5576923076923077,0.15384615384615385,0.5714285714285715,1.0246305418719213,0.003698224852071025,1.0320512820512822
13916,"frozenset({'AJ Finch', 'DA Warner', 'SPD Smith', 'MA Starc'})",frozenset({'won'}),0.3557692307692308,0.5576923076923077,0.23076923076923078,0.6486486486486487,1.16309412861137,0.032359467455621294,1.2588757396449706
13944,"frozenset({'UT Khawaja', 'AJ Finch', 'DA Warner', 'MA Starc'})",frozenset({'won'}),0.125,0.5576923076923077,0.10576923076923077,0.8461538461538461,1.5172413793103448,0.036057692307692304,2.8749999999999996
14149,"frozenset({'GJ Bailey', 'AJ Finch', 'GJ Maxwell', 'SPD Smith'})",frozenset({'won'}),0.125,0.5576923076923077,0.10576923076923077,0.8461538461538461,1.5172413793103448,0.036057692307692304,2.8749999999999996
14172,"frozenset({'GJ Bailey', 'AJ Finch', 'JP Faulkner', 'MA Starc'})",frozenset({'won'}),0.11538461538461539,0.5576923076923077,0.10576923076923077,0.9166666666666666,1.64367816091954,0.041420118343195256,5.307692307692305
14232,"frozenset({'GJ Bailey', 'AJ Finch', 'MS Wade', 'JP Faulkner'})",frozenset({'won'}),0.14423076923076922,0.5576923076923077,0.11538461538461539,0.8000000000000002,1.4344827586206899,0.03494822485207101,2.211538461538463
14262,"frozenset({'GJ Bailey', 'AJ Finch', 'JP Faulkner', 'SPD Smith'})",frozenset({'won'}),0.14423076923076922,0.5576923076923077,0.11538461538461539,0.8000000000000002,1.4344827586206899,0.03494822485207101,2.211538461538463
14292,"frozenset({'GJ Bailey', 'AJ Finch', 'MS Wade', 'MA Starc'})",frozenset({'won'}),0.125,0.5576923076923077,0.10576923076923077,0.8461538461538461,1.5172413793103448,0.036057692307692304,2.8749999999999996
14320,"frozenset({'GJ Bailey', 'AJ Finch', 'SPD Smith', 'MA Starc'})",frozenset({'won'}),0.1346153846153846,0.5576923076923077,0.11538461538461539,0.8571428571428572,1.536945812807882,0.040310650887573976,3.0961538461538476
14376,"frozenset({'SPD Smith', 'GJ Bailey', 'AJ Finch', 'MR Marsh'})",frozenset({'won'}),0.20192307692307693,0.5576923076923077,0.11538461538461539,0.5714285714285714,1.024630541871921,0.0027736686390532617,1.032051282051282
14457,"frozenset({'GJ Maxwell', 'AJ Finch', 'JP Faulkner', 'SPD Smith'})",frozenset({'won'}),0.1346153846153846,0.5576923076923077,0.1346153846153846,1.0,1.793103448275862,0.059541420118343194,inf
14484,"frozenset({'JR Hazlewood', 'AJ Finch', 'GJ Maxwell', 'MA Starc'})",frozenset({'won'}),0.17307692307692307,0.5576923076923077,0.11538461538461539,0.6666666666666667,1.1954022988505748,0.01886094674556213,1.326923076923077
14587,"frozenset({'AJ Finch', 'PJ Cummins', 'GJ Maxwell', 'MA Starc'})",frozenset({'won'}),0.2403846153846154,0.5576923076923077,0.1346153846153846,0.5599999999999999,1.0041379310344827,0.0005547337278106468,1.005244755244755
14635,"frozenset({'AJ Finch', 'GJ Maxwell', 'SPD Smith', 'MA Starc'})",frozenset({'won'}),0.25961538461538464,0.5576923076923077,0.20192307692307693,0.7777777777777777,1.3946360153256703,0.057137573964497035,1.9903846153846145
14870,"frozenset({'MP Stoinis', 'UT Khawaja', 'AJ Finch', 'GJ Maxwell'})",frozenset({'won'}),0.18269230769230768,0.5576923076923077,0.125,0.6842105263157895,1.2268602540834845,0.023113905325443787,1.4006410256410258
14897,"frozenset({'UT Khawaja', 'GJ Maxwell', 'AJ Finch', 'NM Lyon'})",frozenset({'won'}),0.14423076923076922,0.5576923076923077,0.10576923076923077,0.7333333333333334,1.3149425287356322,0.025332840236686388,1.6586538461538465
14926,"frozenset({'AJ Finch', 'PJ Cummins', 'GJ Maxwell', 'SPD Smith'})",frozenset({'won'}),0.18269230769230768,0.5576923076923077,0.10576923076923077,0.5789473684210527,1.0381125226860255,0.0038831360946745552,1.0504807692307692
14932,"frozenset({'JR Hazlewood', 'AJ Finch', 'JP Faulkner', 'MA Starc'})",frozenset({'won'}),0.125,0.5576923076923077,0.10576923076923077,0.8461538461538461,1.5172413793103448,0.036057692307692304,2.8749999999999996
14962,"frozenset({'JR Hazlewood', 'AJ Finch', 'JP Faulkner', 'SPD Smith'})",frozenset({'won'}),0.11538461538461539,0.5576923076923077,0.10576923076923077,0.9166666666666666,1.64367816091954,0.041420118343195256,5.307692307692305
14992,"frozenset({'AJ Finch', 'JP Faulkner', 'SPD Smith', 'MA Starc'})",frozenset({'won'}),0.14423076923076922,0.5576923076923077,0.1346153846153846,0.9333333333333333,1.6735632183908045,0.05417899408284023,6.634615384615386
15052,"frozenset({'JR Hazlewood', 'AJ Finch', 'MR Marsh', 'MA Starc'})",frozenset({'won'}),0.15384615384615385,0.5576923076923077,0.125,0.8125,1.456896551724138,0.039201183431952655,2.358974358974359
15082,"frozenset({'JR Hazlewood', 'AJ Finch', 'SPD Smith', 'MA Starc'})",frozenset({'won'}),0.18269230769230768,0.5576923076923077,0.14423076923076922,0.7894736842105263,1.4156079854809438,0.042344674556213005,2.1009615384615383
15112,"frozenset({'SPD Smith', 'JR Hazlewood', 'AJ Finch', 'MR Marsh'})",frozenset({'won'}),0.16346153846153846,0.5576923076923077,0.11538461538461539,0.7058823529411765,1.2657200811359026,0.024223372781065095,1.503846153846154
15162,"frozenset({'SPD Smith', 'AJ Finch', 'MR Marsh', 'MA Starc'})",frozenset({'won'}),0.18269230769230768,0.5576923076923077,0.11538461538461539,0.6315789473684211,1.1324863883847551,0.013498520710059178,1.2005494505494507
15208,"frozenset({'AJ Finch', 'PJ Cummins', 'SPD Smith', 'MA Starc'})",frozenset({'won'}),0.2692307692307692,0.5576923076923077,0.15384615384615385,0.5714285714285715,1.0246305418719213,0.003698224852071025,1.0320512820512822
15234,"frozenset({'UT Khawaja', 'AJ Finch', 'SPD Smith', 'MA Starc'})",frozenset({'won'}),0.125,0.5576923076923077,0.10576923076923077,0.8461538461538461,1.5172413793103448,0.036057692307692304,2.8749999999999996
15435,"frozenset({'PJ Cummins', 'DA Warner', 'AT Carey', 'MA Starc'})",frozenset({'won'}),0.18269230769230768,0.5576923076923077,0.10576923076923077,0.5789473684210527,1.0381125226860255,0.0038831360946745552,1.0504807692307692
15586,"frozenset({'MP Stoinis', 'GJ Maxwell', 'PJ Cummins', 'AT Carey'})",frozenset({'won'}),0.18269230769230768,0.5576923076923077,0.10576923076923077,0.5789473684210527,1.0381125226860255,0.0038831360946745552,1.0504807692307692
15648,"frozenset({'MP Stoinis', 'UT Khawaja', 'GJ Maxwell', 'AT Carey'})",frozenset({'won'}),0.18269230769230768,0.5576923076923077,0.125,0.6842105263157895,1.2268602540834845,0.023113905325443787,1.4006410256410258
15674,"frozenset({'GJ Bailey', 'DA Warner', 'MS Wade', 'MA Starc'})",frozenset({'won'}),0.11538461538461539,0.5576923076923077,0.10576923076923077,0.9166666666666666,1.64367816091954,0.041420118343195256,5.307692307692305
15704,"frozenset({'GJ Bailey', 'DA Warner', 'SPD Smith', 'MA Starc'})",frozenset({'won'}),0.125,0.5576923076923077,0.11538461538461539,0.9230769230769231,1.6551724137931034,0.04567307692307693,5.7500000000000036
15764,"frozenset({'GJ Bailey', 'DA Warner', 'MS Wade', 'MR Marsh'})",frozenset({'won'}),0.18269230769230768,0.5576923076923077,0.10576923076923077,0.5789473684210527,1.0381125226860255,0.0038831360946745552,1.0504807692307692
15794,"frozenset({'SPD Smith', 'GJ Bailey', 'DA Warner', 'MR Marsh'})",frozenset({'won'}),0.20192307692307693,0.5576923076923077,0.125,0.6190476190476191,1.110016420361248,0.01238905325443787,1.1610576923076923
15854,"frozenset({'GJ Bailey', 'DA Warner', 'MS Wade', 'SPD Smith'})",frozenset({'won'}),0.20192307692307693,0.5576923076923077,0.11538461538461539,0.5714285714285714,1.024630541871921,0.0027736686390532617,1.032051282051282
15913,"frozenset({'GJ Maxwell', 'DA Warner', 'SPD Smith', 'JP Faulkner'})",frozenset({'won'}),0.15384615384615385,0.5576923076923077,0.125,0.8125,1.456896551724138,0.039201183431952655,2.358974358974359
15964,"frozenset({'JR Hazlewood', 'GJ Maxwell', 'DA Warner', 'MA Starc'})",frozenset({'won'}),0.14423076923076922,0.5576923076923077,0.10576923076923077,0.7333333333333334,1.3149425287356322,0.025332840236686388,1.6586538461538465
16050,"frozenset({'JR Hazlewood', 'GJ Maxwell', 'DA Warner', 'SPD Smith'})",frozenset({'won'}),0.17307692307692307,0.5576923076923077,0.11538461538461539,0.6666666666666667,1.1954022988505748,0.01886094674556213,1.326923076923077
16171,"frozenset({'GJ Maxwell', 'PJ Cummins', 'DA Warner', 'MA Starc'})",frozenset({'won'}),0.23076923076923078,0.5576923076923077,0.16346153846153846,0.7083333333333333,1.2701149425287355,0.03476331360946744,1.516483516483516
16259,"frozenset({'GJ Maxwell', 'DA Warner', 'SPD Smith', 'MA Starc'})",frozenset({'won'}),0.28846153846153844,0.5576923076923077,0.22115384615384615,0.7666666666666667,1.374712643678161,0.060281065088757385,1.895604395604396
16336,"frozenset({'SPD Smith', 'GJ Maxwell', 'DA Warner', 'MR Marsh'})",frozenset({'won'}),0.16346153846153846,0.5576923076923077,0.10576923076923077,0.6470588235294118,1.1602434077079107,0.014607988165680472,1.2532051282051282
16382,"frozenset({'GJ Maxwell', 'DA Warner', 'MS Wade', 'SPD Smith'})",frozenset({'won'}),0.17307692307692307,0.5576923076923077,0.10576923076923077,0.6111111111111112,1.095785440613027,0.009245562130177506,1.1373626373626375
16461,"frozenset({'GJ Maxwell', 'PJ Cummins', 'DA Warner', 'SPD Smith'})",frozenset({'won'}),0.2403846153846154,0.5576923076923077,0.15384615384615385,0.64,1.1475862068965517,0.019785502958579892,1.2286324786324787
16492,"frozenset({'UT Khawaja', 'GJ Maxwell', 'DA Warner', 'SPD Smith'})",frozenset({'won'}),0.15384615384615385,0.5576923076923077,0.10576923076923077,0.6875,1.232758620689655,0.019970414201183423,1.4153846153846152
16546,"frozenset({'JR Hazlewood', 'JP Faulkner', 'DA Warner', 'MA Starc'})",frozenset({'won'}),0.11538461538461539,0.5576923076923077,0.10576923076923077,0.9166666666666666,1.64367816091954,0.041420118343195256,5.307692307692305
16576,"frozenset({'JR Hazlewood', 'DA Warner', 'SPD Smith', 'JP Faulkner'})",frozenset({'won'}),0.1346153846153846,0.5576923076923077,0.11538461538461539,0.8571428571428572,1.536945812807882,0.040310650887573976,3.0961538461538476
16606,"frozenset({'JP Faulkner', 'DA Warner', 'SPD Smith', 'MA Starc'})",frozenset({'won'}),0.15384615384615385,0.5576923076923077,0.1346153846153846,0.8749999999999999,1.568965517241379,0.048816568047337264,3.538461538461535
16666,"frozenset({'JR Hazlewood', 'DA Warner', 'MR Marsh', 'MA Starc'})",frozenset({'won'}),0.15384615384615385,0.5576923076923077,0.10576923076923077,0.6875,1.232758620689655,0.019970414201183423,1.4153846153846152
16714,"frozenset({'JR Hazlewood', 'DA Warner', 'SPD Smith', 'MA Starc'})",frozenset({'won'}),0.20192307692307693,0.5576923076923077,0.14423076923076922,0.7142857142857142,1.2807881773399012,0.03161982248520709,1.5480769230769225
16774,"frozenset({'SPD Smith', 'JR Hazlewood', 'DA Warner', 'MR Marsh'})",frozenset({'won'}),0.19230769230769232,0.5576923076923077,0.11538461538461539,0.6,1.0758620689655172,0.008136094674556213,1.1057692307692306
16804,"frozenset({'JR Hazlewood', 'DA Warner', 'MS Wade', 'SPD Smith'})",frozenset({'won'}),0.15384615384615385,0.5576923076923077,0.10576923076923077,0.6875,1.232758620689655,0.019970414201183423,1.4153846153846152
16858,"frozenset({'SPD Smith', 'DA Warner', 'MR Marsh', 'MA Starc'})",frozenset({'won'}),0.20192307692307693,0.5576923076923077,0.125,0.6190476190476191,1.110016420361248,0.01238905325443787,1.1610576923076923
16904,"frozenset({'DA Warner', 'MS Wade', 'SPD Smith', 'MA Starc'})",frozenset({'won'}),0.14423076923076922,0.5576923076923077,0.11538461538461539,0.8000000000000002,1.4344827586206899,0.03494822485207101,2.211538461538463
16984,"frozenset({'PJ Cummins', 'DA Warner', 'SPD Smith', 'MA Starc'})",frozenset({'won'}),0.3076923076923077,0.5576923076923077,0.19230769230769232,0.625,1.1206896551724137,0.020710059171597628,1.1794871794871795
17044,"frozenset({'SPD Smith', 'DA Warner', 'MS Wade', 'MR Marsh'})",frozenset({'won'}),0.22115384615384615,0.5576923076923077,0.125,0.5652173913043479,1.0134932533733134,0.0016642011834319542,1.0173076923076925
17104,"frozenset({'DA Warner', 'PJ Cummins', 'MS Wade', 'SPD Smith'})",frozenset({'won'}),0.15384615384615385,0.5576923076923077,0.10576923076923077,0.6875,1.232758620689655,0.019970414201183423,1.4153846153846152
17193,"frozenset({'SPD Smith', 'GJ Bailey', 'GJ Maxwell', 'MR Marsh'})",frozenset({'won'}),0.15384615384615385,0.5576923076923077,0.11538461538461539,0.75,1.3448275862068966,0.029585798816568046,1.7692307692307692
17222,"frozenset({'GJ Bailey', 'GJ Maxwell', 'MS Wade', 'SPD Smith'})",frozenset({'won'}),0.14423076923076922,0.5576923076923077,0.10576923076923077,0.7333333333333334,1.3149425287356322,0.025332840236686388,1.6586538461538465
17334,"frozenset({'SPD Smith', 'GJ Bailey', 'MR Marsh', 'MA Starc'})",frozenset({'won'}),0.125,0.5576923076923077,0.11538461538461539,0.9230769230769231,1.6551724137931034,0.04567307692307693,5.7500000000000036
17364,"frozenset({'GJ Bailey', 'MS Wade', 'SPD Smith', 'MA Starc'})",frozenset({'won'}),0.125,0.5576923076923077,0.10576923076923077,0.8461538461538461,1.5172413793103448,0.036057692307692304,2.8749999999999996
17420,"frozenset({'SPD Smith', 'GJ Bailey', 'MS Wade', 'MR Marsh'})",frozenset({'won'}),0.25,0.5576923076923077,0.14423076923076922,0.5769230769230769,1.0344827586206895,0.004807692307692291,1.0454545454545452
17451,"frozenset({'GJ Maxwell', 'JP Faulkner', 'SPD Smith', 'MA Starc'})",frozenset({'won'}),0.125,0.5576923076923077,0.11538461538461539,0.9230769230769231,1.6551724137931034,0.04567307692307693,5.7500000000000036
17480,"frozenset({'JR Hazlewood', 'GJ Maxwell', 'SPD Smith', 'MA Starc'})",frozenset({'won'}),0.1346153846153846,0.5576923076923077,0.10576923076923077,0.7857142857142857,1.4088669950738915,0.030695266272189353,2.064102564102564
17509,"frozenset({'SPD Smith', 'GJ Maxwell', 'MR Marsh', 'MA Starc'})",frozenset({'won'}),0.14423076923076922,0.5576923076923077,0.10576923076923077,0.7333333333333334,1.3149425287356322,0.025332840236686388,1.6586538461538465
17565,"frozenset({'GJ Maxwell', 'PJ Cummins', 'SPD Smith', 'MA Starc'})",frozenset({'won'}),0.23076923076923078,0.5576923076923077,0.16346153846153846,0.7083333333333333,1.2701149425287355,0.03476331360946744,1.516483516483516
17598,"frozenset({'UT Khawaja', 'GJ Maxwell', 'SPD Smith', 'MA Starc'})",frozenset({'won'}),0.1346153846153846,0.5576923076923077,0.10576923076923077,0.7857142857142857,1.4088669950738915,0.030695266272189353,2.064102564102564
17625,"frozenset({'SPD Smith', 'GJ Maxwell', 'MS Wade', 'MR Marsh'})",frozenset({'won'}),0.17307692307692307,0.5576923076923077,0.11538461538461539,0.6666666666666667,1.1954022988505748,0.01886094674556213,1.326923076923077
17652,"frozenset({'JR Hazlewood', 'JP Faulkner', 'SPD Smith', 'MA Starc'})",frozenset({'won'}),0.11538461538461539,0.5576923076923077,0.10576923076923077,0.9166666666666666,1.64367816091954,0.041420118343195256,5.307692307692305
17682,"frozenset({'SPD Smith', 'JR Hazlewood', 'MR Marsh', 'MA Starc'})",frozenset({'won'}),0.14423076923076922,0.5576923076923077,0.10576923076923077,0.7333333333333334,1.3149425287356322,0.025332840236686388,1.6586538461538465
17712,"frozenset({'SPD Smith', 'MS Wade', 'MR Marsh', 'MA Starc'})",frozenset({'won'}),0.1346153846153846,0.5576923076923077,0.11538461538461539,0.8571428571428572,1.536945812807882,0.040310650887573976,3.0961538461538476
17930,"frozenset({'AJ Finch', 'A Zampa', 'MP Stoinis', 'GJ Maxwell', 'AT Carey'})",frozenset({'won'}),0.18269230769230768,0.5576923076923077,0.125,0.6842105263157895,1.2268602540834845,0.023113905325443787,1.4006410256410258
18541,"frozenset({'AJ Finch', 'MA Starc', 'PJ Cummins', 'DA Warner', 'AT Carey'})",frozenset({'won'}),0.18269230769230768,0.5576923076923077,0.10576923076923077,0.5789473684210527,1.0381125226860255,0.0038831360946745552,1.0504807692307692
18852,"frozenset({'AJ Finch', 'PJ Cummins', 'MP Stoinis', 'GJ Maxwell', 'AT Carey'})",frozenset({'won'}),0.18269230769230768,0.5576923076923077,0.10576923076923077,0.5789473684210527,1.0381125226860255,0.0038831360946745552,1.0504807692307692
18979,"frozenset({'AJ Finch', 'MP Stoinis', 'UT Khawaja', 'GJ Maxwell', 'AT Carey'})",frozenset({'won'}),0.18269230769230768,0.5576923076923077,0.125,0.6842105263157895,1.2268602540834845,0.023113905325443787,1.4006410256410258
19195,"frozenset({'AJ Finch', 'MA Starc', 'PJ Cummins', 'DA Warner', 'GJ Maxwell'})",frozenset({'won'}),0.16346153846153846,0.5576923076923077,0.10576923076923077,0.6470588235294118,1.1602434077079107,0.014607988165680472,1.2532051282051282
19245,"frozenset({'AJ Finch', 'MA Starc', 'DA Warner', 'SPD Smith', 'GJ Maxwell'})",frozenset({'won'}),0.21153846153846154,0.5576923076923077,0.16346153846153846,0.7727272727272727,1.3855799373040751,0.04548816568047337,1.946153846153846
19304,"frozenset({'AJ Finch', 'MA Starc', 'JP Faulkner', 'DA Warner', 'SPD Smith'})",frozenset({'won'}),0.125,0.5576923076923077,0.11538461538461539,0.9230769230769231,1.6551724137931034,0.04567307692307693,5.7500000000000036
19428,"frozenset({'JR Hazlewood', 'AJ Finch', 'MR Marsh', 'MA Starc', 'DA Warner'})",frozenset({'won'}),0.1346153846153846,0.5576923076923077,0.10576923076923077,0.7857142857142857,1.4088669950738915,0.030695266272189353,2.064102564102564
19490,"frozenset({'JR Hazlewood', 'AJ Finch', 'MA Starc', 'DA Warner', 'SPD Smith'})",frozenset({'won'}),0.16346153846153846,0.5576923076923077,0.125,0.7647058823529411,1.3711967545638943,0.033838757396449703,1.8798076923076918
19610,"frozenset({'AJ Finch', 'MA Starc', 'PJ Cummins', 'DA Warner', 'SPD Smith'})",frozenset({'won'}),0.2403846153846154,0.5576923076923077,0.1346153846153846,0.5599999999999999,1.0041379310344827,0.0005547337278106468,1.005244755244755
19669,"frozenset({'AJ Finch', 'MA Starc', 'PJ Cummins', 'SPD Smith', 'GJ Maxwell'})",frozenset({'won'}),0.16346153846153846,0.5576923076923077,0.10576923076923077,0.6470588235294118,1.1602434077079107,0.014607988165680472,1.2532051282051282
19710,"frozenset({'JR Hazlewood', 'AJ Finch', 'MR Marsh', 'MA Starc', 'SPD Smith'})",frozenset({'won'}),0.125,0.5576923076923077,0.10576923076923077,0.8461538461538461,1.5172413793103448,0.036057692307692304,2.8749999999999996
19834,"frozenset({'GJ Bailey', 'MS Wade', 'MR Marsh', 'DA Warner', 'SPD Smith'})",frozenset({'won'}),0.18269230769230768,0.5576923076923077,0.10576923076923077,0.5789473684210527,1.0381125226860255,0.0038831360946745552,1.0504807692307692
19959,"frozenset({'MA Starc', 'PJ Cummins', 'DA Warner', 'SPD Smith', 'GJ Maxwell'})",frozenset({'won'}),0.20192307692307693,0.5576923076923077,0.14423076923076922,0.7142857142857142,1.2807881773399012,0.03161982248520709,1.5480769230769225
